D:/Dropbox/hobby/Modding/Programs/Github/My_Repos/Arma_class_parser_utility/arma_class_parser/arma_class_parser_classes.py:
    h1: 11
    h2: 109
    N1: 68
    N2: 129
    vocabulary: 120
    length: 197
    calculated_length: 775.7858392056952
    volume: 1360.6574473348783
    difficulty: 6.509174311926605
    effort: 8856.756503523817
    time: 492.0420279735454
    bugs: 0.45355248244495944
